Testing cyclic eigenvalue decomposition
Original matrix, A:
0.766	0.039	0.621	0.965	
0.039	0.415	0.753	0.897	
0.621	0.753	0.774	0.138	
0.965	0.897	0.138	0.375	

V: 
-0.440	0.380	-0.612	0.536	
-0.552	-0.513	0.476	0.454	
0.335	0.586	0.552	0.490	
0.624	-0.500	-0.307	0.516	

Diagonalized eigenvalue matrix, D:
-1.025	0.000	0.000	-0.000	
0.000	0.400	-0.000	0.000	
0.000	0.000	0.659	0.000	
-0.000	0.000	-0.000	2.295	

Testing V^{T}AV = D:
-1.025	0.000	-0.000	0.000	
0.000	0.400	0.000	-0.000	
-0.000	0.000	0.659	-0.000	
0.000	-0.000	-0.000	2.295	

Testing if energies are correct
k: 0, exact: 9.869604401089358, calc: 9.851211269436641
k: 1, exact: 39.47841760435743, calc: 39.18478529662399
k: 2, exact: 88.82643960980423, calc: 87.34545851006644
k: 3, exact: 157.91367041742973, calc: 153.2574010532924
k: 4, exact: 246.74011002723395, calc: 235.44824904609303
k: 5, exact: 355.3057584392169, calc: 332.0819947605963
k: 6, exact: 483.61061565337855, calc: 441.00000000000017
k: 7, exact: 631.6546816697189, calc: 559.7692165088391
k: 8, exact: 799.437956488238, calc: 685.7365362505308
k: 9, exact: 986.9604401089358, calc: 816.0880574567733
k: 10, exact: 1194.2221325318121, calc: 947.9119425432267
k: 11, exact: 1421.2230337568676, calc: 1078.263463749468
k: 12, exact: 1667.9631437841017, calc: 1204.2307834911612
k: 13, exact: 1934.4424626135142, calc: 1323.000000000001
k: 14, exact: 2220.660990245105, calc: 1431.918005239402
k: 15, exact: 2526.6187266788756, calc: 1528.5517509539052
k: 16, exact: 2852.3156719148246, calc: 1610.7425989467072
k: 17, exact: 3197.751825952952, calc: 1676.6545414899324
k: 18, exact: 3562.9271887932578, calc: 1724.8152147033732

Testing eigenvalue by eigenvalue decomposition
Original matrix, A:
0.884	0.033	0.129	0.710	
0.033	0.326	0.819	0.418	
0.129	0.819	0.172	0.540	
0.710	0.418	0.540	0.853	

Matrix with eigenvalues, D, low to high:
-0.586	0.000	0.000	0.000	
0.000	-0.017	-0.000	-0.000	
0.000	-0.000	0.874	-0.000	
0.000	-0.000	-0.000	1.964	

Matrix with eigenvectors, V, corresponding to low to high:
-0.005	0.539	-0.681	0.496	
-0.640	0.354	0.564	0.384	
0.762	0.205	0.456	0.411	
-0.098	-0.737	-0.100	0.662	


Testing decomposition from high to low eigenvalue
Matrix with eigenvalues, D, high to low:
1.964	0.000	-0.000	0.000	
0.000	0.874	0.000	-0.000	
-0.000	0.000	-0.017	-0.000	
0.000	-0.000	-0.000	-0.586	

Matrix with eigenvectors, V, corresponding to high to low:
-0.496	0.681	0.539	-0.005	
-0.384	-0.564	0.354	-0.640	
-0.411	-0.456	0.205	0.762	
-0.662	0.100	-0.737	-0.098	



Testing time for cyclic versus one eigenvector


Original matrix, A:
0.793	0.162	0.735	
0.162	0.958	0.292	
0.735	0.292	0.062	

Matrix V with first eigenvector only:
0.504	0.339	0.794	
0.122	0.883	-0.454	
-0.855	0.326	0.404	

Matrix V by cyclic method:
0.504	-0.516	0.692	
0.122	0.836	0.535	
-0.855	-0.185	0.485	

1 eigenvector. Time: 0.0004391670227050781
Cyclic method. Time: 0.0009572505950927734


Original matrix, A:
0.112	0.603	0.506	0.500	
0.603	0.872	0.814	0.038	
0.506	0.814	0.559	0.998	
0.500	0.038	0.998	0.604	

Matrix V with first eigenvector only:
0.287	0.581	-0.458	0.608	
-0.425	0.789	0.284	-0.340	
0.629	0.130	0.753	0.145	
-0.585	-0.148	0.378	0.702	

Matrix V by cyclic method:
0.287	0.875	0.066	0.383	
-0.425	-0.139	0.736	0.509	
0.629	-0.462	-0.145	0.608	
-0.585	0.034	-0.658	0.473	

1 eigenvector. Time: 0.003110170364379883
Cyclic method. Time: 0.004647016525268555


Original matrix, A:
0.295	0.444	0.455	0.590	0.508	
0.444	0.871	0.866	0.142	0.127	
0.455	0.866	0.356	0.822	0.328	
0.590	0.142	0.822	0.541	0.050	
0.508	0.127	0.328	0.050	0.777	

Matrix V with first eigenvector only:
0.280	0.514	-0.494	0.604	0.220	
-0.388	0.833	0.230	-0.302	-0.107	
0.673	0.164	0.710	0.126	0.006	
-0.529	-0.113	0.400	0.724	-0.152	
-0.196	-0.044	0.198	-0.059	0.958	

Matrix V by cyclic method:
0.280	0.821	-0.143	-0.220	0.423	
-0.388	0.094	0.645	0.411	0.506	
0.673	-0.472	-0.059	0.172	0.539	
-0.529	-0.132	-0.711	0.120	0.428	
-0.196	-0.278	0.234	-0.860	0.301	

1 eigenvector. Time: 0.0047607421875
Cyclic method. Time: 0.013720512390136719
